0 0
1 0
2 0
3 0
4 0
5 0
6 0
7 1
8 0
9 1
10 1
11 2
12 1
13 1
14 2
15 1
16 1
17 2
18 4
19 0
20 0
21 1
22 2
23 5
24 0
25 1
26 1
27 1
28 2
29 1
30 3
31 4
32 5
33 1
34 2
35 3
36 4
37 3
38 4
39 4
40 3
41 2
42 1
43 3
44 7
45 3
46 3
47 2
48 2
49 2
50 4
51 1
52 6
53 7
54 9
55 6
56 3
57 8
58 7
59 7
60 5
61 4
62 10
63 6
64 7
65 8
66 12
67 10
68 11
69 9
70 9
71 5
72 4
73 3
74 7
75 11
76 10
77 10
78 12
79 2
80 11
81 4
82 8
83 7
84 15
85 11
86 8
87 8
88 14
89 2
90 9
91 7
92 13
93 11
94 4
95 15
96 8
97 16
98 14
99 11
100 10
101 9
102 9
103 15
104 17
105 16
106 17
107 15
108 19
109 8
110 8
111 13
112 10
113 8
114 16
115 9
116 14
117 17
118 12
119 12
120 10
121 10
122 15
123 12
124 17
125 17
126 15
127 10
128 9
129 16
130 16
131 16
132 9
133 14
134 7
135 17
136 10
137 24
138 8
139 18
140 15
141 20
142 15
143 16
144 15
145 18
146 16
147 5
148 17
149 14
150 10
151 17
152 12
153 9
154 21
155 12
156 20
157 10
158 16
159 19
160 14
161 13
162 15
163 18
164 25
165 16
166 13
167 16
168 10
169 10
170 18
171 13
172 13
173 17
174 14
175 15
176 19
177 13
178 16
179 21
180 14
181 13
182 16
183 18
184 17
185 20
186 17
187 18
188 16
189 21
190 19
191 14
192 21
193 16
194 18
195 16
196 18
197 19
198 16
199 13
200 15
201 20
202 13
203 19
204 26
205 21
206 17
207 17
208 17
209 24
210 14
211 18
212 19
213 25
214 21
215 15
216 14
217 21
218 19
219 12
220 20
221 25
222 14
223 15
224 17
225 19
226 21
227 21
228 15
229 25
230 13
231 23
232 15
233 15
234 23
235 26
236 21
237 22
238 18
239 16
240 19
241 30
242 17
243 21
244 23
245 24
246 25
247 22
248 28
249 24
250 16
251 19
252 18
253 25
254 12
255 18
256 17
257 29
258 22
259 16
260 15
261 22
262 15
263 24
264 22
265 26
266 24
267 16
268 19
269 19
270 19
271 25
272 23
273 28
274 18
275 22
276 19
277 16
278 17
279 26
280 17
281 19
282 20
283 19
284 21
285 26
286 17
287 24
288 31
289 22
290 26
291 15
292 27
293 17
294 22
295 18
296 18
297 20
298 24
299 26
300 33
301 11
302 18
303 25
304 24
305 12
306 21
307 25
308 24
309 11
310 23
311 25
312 18
313 20
314 25
315 18
316 17
317 13
318 20
319 14
320 20
321 21
322 24
323 31
324 20
325 24
326 17
327 23
328 26
329 18
330 28
331 23
332 28
333 22
334 13
335 29
336 20
337 28
338 23
339 21
340 21
341 27
342 17
343 14
344 22
345 22
346 21
347 21
348 27
349 18
350 23
351 23
352 22
353 13
354 17
355 22
356 23
357 17
358 20
359 22
360 20
361 22
362 28
363 23
364 27
365 17
366 18
367 18
368 24
369 23
370 26
371 19
372 23
373 25
374 19
375 27
376 20
377 25
378 19
379 20
380 22
381 29
382 21
383 19
384 23
385 20
386 16
387 16
388 20
389 20
390 13
391 23
392 17
393 14
394 14
395 17
396 23
397 22
398 22
399 15
400 21
401 33
402 20
403 21
404 20
405 21
406 20
407 20
408 21
409 19
410 20
411 21
412 27
413 28
414 32
415 30
416 17
417 21
418 20
419 16
420 22
421 25
422 27
423 26
424 30
425 19
426 22
427 26
428 20
429 32
430 27
431 25
432 16
433 20
434 14
435 27
436 21
437 18
438 15
439 23
440 20
441 27
442 28
443 21
444 23
445 17
446 18
447 16
448 24
449 23
450 22
451 17
452 19
453 23
454 25
455 25
456 25
457 23
458 20
459 20
460 19
461 26
462 23
463 20
464 18
465 27
466 18
467 16
468 20
469 21
470 19
471 21
472 29
473 23
474 23
475 22
476 10
477 20
478 21
479 28
480 28
481 27
482 26
483 18
484 22
485 14
486 28
487 24
488 31
489 24
490 22
491 29
492 20
493 20
494 14
495 14
496 25
497 26
498 22
499 23
500 18
501 25
502 27
503 21
504 20
505 32
506 31
507 15
508 21
509 21
510 20
511 22
512 18
513 19
514 27
515 25
516 16
517 23
518 16
519 24
520 16
521 13
522 17
523 19
524 26
525 27
526 19
527 20
528 22
529 21
530 25
531 31
532 21
533 30
534 18
535 24
536 20
537 21
538 20
539 22
540 25
541 18
542 20
543 27
544 18
545 12
546 28
547 22
548 23
549 9
550 26
551 20
552 21
553 7
554 20
555 18
556 17
557 22
558 22
559 21
560 22
561 17
562 23
563 28
564 23
565 12
566 24
567 27
568 16
569 21
570 22
571 28
572 25
573 25
574 22
575 26
576 22
577 33
578 25
579 25
580 21
581 29
582 25
583 24
584 22
585 27
586 25
587 15
588 28
589 17
590 23
591 24
592 18
593 27
594 28
595 25
596 19
597 28
598 26
599 20
600 23
601 28
602 29
603 23
604 20
605 21
606 26
607 25
608 22
609 11
610 26
611 21
612 23
613 17
614 22
615 16
616 21
617 27
618 20
619 21
620 27
621 15
622 20
623 14
624 26
625 16
626 20
627 15
628 25
629 21
630 26
631 20
632 29
633 30
634 25
635 28
636 30
637 35
638 20
639 28
640 23
641 24
642 21
643 39
644 30
645 25
646 20
647 25
648 19
649 18
650 29
651 23
652 28
653 24
654 18
655 16
656 24
657 27
658 26
659 19
660 13
661 24
662 21
663 23
664 26
665 27
666 15
667 21
668 25
669 28
670 19
671 21
672 31
673 35
674 24
675 35
676 20
677 23
678 21
679 34
680 24
681 25
682 23
683 28
684 20
685 24
686 23
687 24
688 26
689 20
690 25
691 27
692 25
693 27
694 22
695 20
696 23
697 20
698 28
699 22
700 29
701 21
702 35
703 21
704 33
705 20
706 29
707 19
708 38
709 20
710 22
711 23
712 24
713 22
714 23
715 25
716 23
717 23
718 24
719 20
720 15
721 23
722 21
723 21
724 19
725 39
726 25
727 35
728 18
729 20
730 21
731 28
732 30
733 30
734 30
735 21
736 25
737 21
738 22
739 19
740 28
741 21
742 25
743 20
744 28
745 31
746 25
747 28
748 28
749 19
750 23
751 19
752 23
753 20
754 22
755 30
756 24
757 20
758 16
759 29
760 21
761 24
762 28
763 15
764 28
765 24
766 24
767 36
768 16
769 26
770 14
771 17
772 17
773 19
774 32
775 21
776 17
777 32
778 22
779 25
780 22
781 22
782 27
783 21
784 24
785 13
786 25
787 19
788 19
789 18
790 25
791 23
792 17
793 21
794 17
795 24
796 20
797 26
798 21
799 21
800 21
801 22
802 20
803 33
804 18
805 34
806 22
807 33
808 23
809 21
810 24
811 27
812 30
813 18
814 30
815 23
816 22
817 16
818 16
819 20
820 21
821 16
822 22
823 18
824 30
825 28
826 22
827 23
828 17
829 26
830 20
831 18
832 26
833 26
834 24
835 19
836 27
837 25
838 30
839 24
840 14
841 18
842 26
843 22
844 20
845 34
846 18
847 28
848 29
849 31
850 19
851 29
852 14
853 17
854 21
855 28
856 30
857 19
858 25
859 17
860 23
861 25
862 22
863 21
864 35
865 22
866 18
867 18
868 18
869 24
870 30
871 23
872 23
873 28
874 24
875 28
876 17
877 19
878 23
879 18
880 19
881 29
882 21
883 19
884 17
885 32
886 26
887 27
888 29
889 37
890 14
891 18
892 17
893 26
894 23
895 18
896 21
897 19
898 17
899 28
900 20
901 27
902 31
903 17
904 22
905 11
906 17
907 22
908 20
909 25
910 29
911 32
912 25
913 22
914 26
915 26
916 22
917 30
918 24
919 19
920 21
921 23
922 23
923 27
924 24
925 23
926 19
927 14
928 21
929 29
930 16
931 23
932 25
933 13
934 16
935 21
936 24
937 25
938 18
939 30
940 20
941 19
942 25
943 23
944 20
945 35
946 25
947 25
948 14
949 20
950 22
951 19
952 23
953 30
954 26
955 16
956 22
957 16
958 18
959 25
960 24
961 17
962 29
963 20
964 22
965 22
966 27
967 23
968 21
969 19
970 20
971 26
972 21
973 23
974 20
975 16
976 23
977 23
978 17
979 21
980 24
981 26
982 19
983 20
984 15
985 29
986 20
987 32
988 23
989 22
990 30
991 14
992 26
993 26
994 19
995 23
996 26
997 20
998 24
999 29
1000 17
1001 21
1002 24
1003 22
1004 19
1005 18
1006 30
1007 18
1008 36
1009 25
1010 23
1011 22
1012 21
1013 26
1014 18
1015 21
1016 29
1017 26
1018 27
1019 33
1020 16
1021 16
1022 16
1023 22
1024 16
1025 16
1026 30
1027 33
1028 18
1029 18
1030 26
1031 23
1032 27
1033 20
1034 21
1035 21
1036 18
1037 18
1038 29
1039 21
1040 26
1041 18
1042 21
1043 25
1044 21
1045 22
1046 25
1047 13
1048 26
1049 19
1050 19
1051 24
1052 25
1053 25
1054 20
1055 22
1056 25
1057 24
1058 24
1059 21
1060 19
1061 22
1062 16
1063 25
1064 26
1065 21
1066 23
1067 24
1068 23
1069 22
1070 17
1071 28
1072 22
1073 26
1074 24
1075 22
1076 19
1077 16
1078 21
1079 19
1080 24
1081 17
1082 18
1083 17
1084 25
1085 26
1086 20
1087 30
1088 24
1089 30
1090 23
1091 29
1092 23
1093 20
1094 23
1095 26
1096 24
1097 26
1098 20
1099 22
1100 22
1101 17
1102 30
1103 25
1104 21
1105 22
1106 23
1107 26
1108 25
1109 19
1110 26
1111 17
1112 26
1113 25
1114 18
1115 22
1116 21
1117 24
1118 23
1119 18
1120 18
1121 25
1122 29
1123 23
1124 20
1125 28
1126 17
1127 26
1128 25
1129 26
1130 14
1131 31
1132 31
1133 25
1134 22
1135 27
1136 19
1137 12
1138 18
1139 27
1140 26
1141 20
1142 15
1143 30
1144 22
1145 20
1146 17
1147 24
1148 25
1149 22
1150 24
1151 23
1152 26
1153 20
1154 12
1155 13
1156 27
1157 21
1158 23
1159 28
1160 18
1161 25
1162 18
1163 25
1164 23
1165 24
1166 16
1167 18
1168 14
1169 18
1170 27
1171 21
1172 22
1173 29
1174 12
1175 32
1176 39
1177 20
1178 24
1179 20
1180 21
1181 19
1182 11
1183 21
1184 25
1185 30
1186 25
1187 17
1188 22
1189 25
1190 24
1191 26
1192 30
1193 27
1194 20
1195 21
1196 33
1197 21
1198 17
1199 15
1200 21
1201 23
1202 27
1203 36
1204 28
1205 31
1206 13
1207 22
1208 23
1209 25
1210 28
1211 23
1212 25
1213 23
1214 19
1215 21
1216 23
1217 17
1218 11
1219 16
1220 23
1221 20
1222 26
1223 15
1224 20
1225 26
1226 27
1227 22
1228 24
1229 16
1230 22
1231 22
1232 31
1233 25
1234 22
1235 24
1236 18
1237 30
1238 29
1239 23
1240 30
1241 21
1242 24
1243 26
1244 21
1245 22
1246 19
1247 22
1248 24
1249 21
1250 23
1251 25
1252 15
1253 28
1254 23
1255 23
1256 26
1257 21
1258 13
1259 15
1260 29
1261 19
1262 22
1263 22
1264 20
1265 22
1266 21
1267 19
1268 30
1269 32
1270 24
1271 33
1272 26
1273 22
1274 18
1275 20
1276 22
1277 18
1278 16
1279 21
1280 25
1281 32
1282 24
1283 27
1284 20
1285 33
1286 24
1287 28
1288 26
1289 20
1290 23
1291 19
1292 23
1293 26
1294 22
1295 19
1296 21
1297 23
1298 29
1299 22
1300 22
1301 33
1302 24
1303 18
1304 21
1305 21
1306 27
1307 20
1308 27
1309 21
1310 32
1311 26
1312 23
1313 17
1314 18
1315 30
1316 24
1317 23
1318 22
1319 26
1320 20
1321 19
1322 17
1323 18
1324 19
1325 24
1326 21
1327 22
1328 24
1329 29
1330 29
1331 21
1332 19
1333 21
1334 20
1335 30
1336 25
1337 19
1338 17
1339 26
1340 22
1341 26
1342 26
1343 16
1344 19
1345 25
1346 26
1347 19
1348 32
1349 27
1350 22
1351 16
1352 27
1353 33
1354 25
1355 22
1356 25
1357 24
1358 27
1359 19
1360 16
1361 24
1362 21
1363 20
1364 15
1365 24
1366 13
1367 27
1368 24
1369 21
1370 19
1371 23
1372 19
1373 16
1374 25
1375 25
1376 24
1377 20
1378 19
1379 24
1380 20
1381 20
1382 16
1383 21
1384 19
1385 20
1386 27
1387 27
1388 25
1389 19
1390 16
1391 19
1392 24
1393 19
1394 19
1395 20
1396 24
1397 28
1398 22
1399 24
1400 24
1401 17
1402 19
1403 9
1404 20
1405 24
1406 15
1407 17
1408 24
1409 28
1410 26
1411 21
1412 21
1413 24
1414 27
1415 17
1416 19
1417 23
1418 28
1419 21
1420 21
1421 27
1422 28
1423 24
1424 23
1425 15
1426 16
1427 28
1428 23
1429 23
1430 23
1431 16
1432 29
1433 19
1434 31
1435 27
1436 18
1437 27
1438 24
1439 18
1440 26
1441 22
1442 17
1443 21
1444 25
1445 18
1446 18
1447 23
1448 31
1449 20
1450 17
1451 17
1452 18
1453 29
1454 22
1455 26
1456 26
1457 21
1458 22
1459 20
1460 28
1461 18
1462 21
1463 26
1464 23
1465 24
1466 23
1467 22
1468 21
1469 23
1470 22
1471 23
1472 21
1473 27
1474 23
1475 27
1476 20
1477 21
1478 19
1479 25
1480 18
1481 19
1482 22
1483 28
1484 19
1485 18
1486 18
1487 22
1488 18
1489 22
1490 19
1491 27
1492 17
1493 24
1494 26
1495 20
1496 27
1497 20
1498 30
1499 22
1500 23
1501 20
1502 30
1503 33
1504 27
1505 20
1506 26
1507 17
1508 15
1509 23
1510 16
1511 20
1512 24
1513 19
1514 24
1515 28
1516 15
1517 24
1518 20
1519 17
1520 28
1521 20
1522 25
1523 23
1524 23
1525 25
1526 21
1527 26
1528 26
1529 23
1530 22
1531 19
1532 33
1533 16
1534 22
1535 27
1536 21
1537 22
1538 19
1539 21
1540 16
1541 17
1542 29
1543 16
1544 28
1545 16
1546 22
1547 34
1548 19
1549 30
1550 22
1551 20
1552 23
1553 25
1554 20
1555 24
1556 19
1557 28
1558 32
1559 28
1560 15
1561 23
1562 19
1563 26
1564 20
1565 23
1566 24
1567 12
1568 32
1569 23
1570 23
1571 19
1572 17
1573 28
1574 19
1575 21
1576 26
1577 20
1578 20
1579 23
1580 27
1581 18
1582 23
1583 14
1584 26
1585 15
1586 11
1587 18
1588 19
1589 27
1590 23
1591 18
1592 28
1593 18
1594 21
1595 13
1596 27
1597 28
1598 23
1599 20
1600 22
1601 18
1602 24
1603 28
1604 25
1605 18
1606 10
1607 17
1608 24
1609 25
1610 27
1611 13
1612 27
1613 22
1614 22
1615 18
1616 21
1617 26
1618 16
1619 16
1620 22
1621 19
1622 17
1623 20
1624 21
1625 18
1626 22
1627 22
1628 25
1629 16
1630 21
1631 17
1632 23
1633 21
1634 24
1635 20
1636 21
1637 19
1638 22
1639 28
1640 21
1641 20
1642 17
1643 22
1644 18
1645 17
1646 25
1647 21
1648 17
1649 25
1650 20
1651 17
1652 21
1653 16
1654 19
1655 19
1656 25
1657 26
1658 27
1659 13
1660 29
1661 23
1662 15
1663 27
1664 21
1665 22
1666 19
1667 22
1668 17
1669 21
1670 24
1671 18
1672 15
1673 25
1674 21
1675 19
1676 25
1677 22
1678 24
1679 20
1680 23
1681 20
1682 20
1683 23
1684 33
1685 20
1686 16
1687 18
1688 16
1689 19
1690 20
1691 21
1692 18
1693 23
1694 27
1695 25
1696 25
1697 17
1698 29
1699 19
1700 20
1701 29
1702 21
1703 27
1704 23
1705 19
1706 24
1707 16
1708 20
1709 22
1710 17
1711 15
1712 14
1713 26
1714 23
1715 17
1716 19
1717 16
1718 25
1719 25
1720 30
1721 23
1722 22
1723 29
1724 21
1725 24
1726 15
1727 23
1728 19
1729 20
1730 21
1731 24
1732 23
1733 15
1734 17
1735 20
1736 22
1737 31
1738 19
1739 23
1740 11
1741 13
1742 15
1743 16
1744 29
1745 32
1746 23
1747 24
1748 23
1749 29
1750 28
1751 25
1752 26
1753 25
1754 15
1755 19
1756 29
1757 22
1758 29
1759 22
1760 23
1761 22
1762 29
1763 16
1764 20
1765 31
1766 20
1767 19
1768 18
1769 29
1770 28
1771 33
1772 32
1773 23
1774 28
1775 23
1776 24
1777 19
1778 26
1779 24
1780 28
1781 17
1782 18
1783 25
1784 28
1785 15
1786 27
1787 24
1788 28
1789 16
1790 19
1791 18
1792 18
1793 28
1794 19
1795 27
1796 23
1797 17
1798 14
1799 31
1800 17
1801 22
1802 28
1803 26
1804 27
1805 24
1806 16
1807 26
1808 20
1809 15
1810 22
1811 21
1812 28
1813 22
1814 20
1815 24
1816 20
1817 21
1818 12
1819 25
1820 35
1821 22
1822 22
1823 26
1824 29
1825 25
1826 24
1827 21
1828 20
1829 25
1830 13
1831 25
1832 21
1833 17
1834 24
1835 20
1836 22
1837 24
1838 27
1839 22
1840 25
1841 16
1842 15
1843 12
1844 25
1845 33
1846 17
1847 24
1848 33
1849 15
1850 24
1851 22
1852 22
1853 24
1854 21
1855 23
1856 19
1857 19
1858 33
1859 23
1860 25
1861 21
1862 26
1863 17
1864 28
1865 16
1866 29
1867 20
1868 24
1869 21
1870 23
1871 25
1872 26
1873 29
1874 35
1875 21
1876 31
1877 25
1878 22
1879 21
1880 28
1881 23
1882 24
1883 15
1884 33
1885 24
1886 19
1887 24
1888 24
1889 23
1890 21
1891 25
1892 21
1893 20
1894 30
1895 23
1896 24
1897 30
1898 14
1899 28
1900 29
1901 24
1902 24
1903 27
1904 25
1905 28
1906 13
1907 25
1908 24
1909 28
1910 21
1911 26
1912 29
1913 18
1914 22
1915 24
1916 20
1917 26
1918 17
1919 23
1920 23
1921 21
1922 23
1923 19
1924 25
1925 23
1926 18
1927 23
1928 20
1929 21
1930 20
1931 27
1932 28
1933 22
1934 26
1935 26
1936 26
1937 22
1938 21
1939 24
1940 28
1941 24
1942 29
1943 23
1944 25
1945 20
1946 25
1947 27
1948 24
1949 33
1950 24
1951 17
1952 18
1953 22
1954 20
1955 36
1956 30
1957 34
1958 26
1959 20
1960 23
1961 27
1962 23
1963 27
1964 21
1965 26
1966 24
1967 27
1968 22
1969 17
1970 29
1971 35
1972 17
1973 18
1974 20
1975 24
1976 32
1977 28
1978 21
1979 20
1980 22
1981 31
1982 28
1983 20
1984 34
1985 30
1986 22
1987 27
1988 20
1989 27
1990 27
1991 20
1992 31
1993 13
1994 19
1995 21
1996 23
1997 19
1998 17
1999 26
