0 0
1 0
2 0
3 0
4 0
5 0
6 0
7 0
8 0
9 0
10 0
11 0
12 0
13 0
14 0
15 0
16 0
17 0
18 0
19 0
20 0
21 0
22 0
23 0
24 0
25 0
26 0
27 0
28 0
29 0
30 0
31 0
32 0
33 0
34 0
35 0
36 0
37 0
38 0
39 0
40 0
41 0
42 0
43 0
44 0
45 1
46 0
47 0
48 0
49 0
50 0
51 0
52 2
53 1
54 0
55 0
56 0
57 0
58 0
59 1
60 1
61 0
62 1
63 0
64 0
65 1
66 0
67 2
68 0
69 0
70 0
71 0
72 2
73 2
74 0
75 0
76 3
77 4
78 7
79 2
80 1
81 2
82 5
83 2
84 2
85 2
86 3
87 2
88 2
89 4
90 4
91 2
92 2
93 0
94 2
95 0
96 2
97 4
98 2
99 2
100 2
101 4
102 1
103 3
104 6
105 3
106 5
107 5
108 3
109 3
110 5
111 1
112 1
113 3
114 5
115 6
116 2
117 3
118 1
119 4
120 5
121 1
122 4
123 4
124 5
125 4
126 1
127 1
128 2
129 1
130 7
131 9
132 2
133 3
134 7
135 3
136 8
137 8
138 7
139 3
140 4
141 7
142 6
143 3
144 3
145 4
146 6
147 1
148 6
149 3
150 4
151 3
152 2
153 4
154 3
155 12
156 5
157 4
158 4
159 7
160 5
161 0
162 5
163 4
164 6
165 8
166 6
167 9
168 2
169 3
170 8
171 7
172 4
173 6
174 5
175 4
176 5
177 6
178 2
179 4
180 2
181 4
182 4
183 5
184 7
185 4
186 7
187 4
188 13
189 3
190 8
191 3
192 2
193 6
194 6
195 7
196 11
197 5
198 7
199 5
200 4
201 5
202 3
203 5
204 6
205 4
206 4
207 8
208 7
209 6
210 5
211 3
212 5
213 5
214 3
215 9
216 10
217 6
218 12
219 5
220 4
221 4
222 6
223 5
224 4
225 10
226 5
227 7
228 6
229 4
230 5
231 4
232 10
233 5
234 6
235 9
236 8
237 5
238 2
239 8
240 4
241 5
242 6
243 5
244 8
245 6
246 6
247 12
248 7
249 7
250 8
251 10
252 5
253 9
254 6
255 4
256 9
257 9
258 8
259 10
260 13
261 5
262 5
263 8
264 7
265 7
266 9
267 3
268 12
269 6
270 7
271 4
272 7
273 3
274 10
275 7
276 5
277 11
278 6
279 12
280 8
281 10
282 4
283 7
284 8
285 5
286 5
287 7
288 11
289 8
290 8
291 8
292 4
293 14
294 7
295 12
296 8
297 5
298 9
299 7
300 10
301 5
302 9
303 5
304 6
305 8
306 6
307 6
308 8
309 3
310 10
311 3
312 8
313 9
314 10
315 5
316 12
317 12
318 8
319 8
320 6
321 13
322 5
323 8
324 9
325 9
326 4
327 5
328 4
329 7
330 8
331 6
332 2
333 6
334 5
335 11
336 10
337 9
338 10
339 4
340 6
341 6
342 6
343 11
344 13
345 5
346 7
347 13
348 6
349 3
350 9
351 10
352 5
353 4
354 4
355 7
356 6
357 11
358 10
359 6
360 12
361 9
362 15
363 8
364 11
365 8
366 8
367 12
368 3
369 2
370 8
371 7
372 6
373 7
374 7
375 7
376 8
377 5
378 8
379 5
380 9
381 6
382 11
383 12
384 6
385 6
386 6
387 5
388 6
389 10
390 8
391 7
392 6
393 10
394 7
395 7
396 9
397 7
398 14
399 12
400 10
401 7
402 3
403 14
404 5
405 5
406 11
407 10
408 5
409 3
410 8
411 10
412 6
413 9
414 5
415 9
416 8
417 6
418 7
419 8
420 5
421 7
422 7
423 6
424 11
425 6
426 6
427 13
428 8
429 6
430 8
431 10
432 2
433 8
434 7
435 8
436 6
437 12
438 9
439 11
440 7
441 11
442 7
443 9
444 11
445 10
446 5
447 7
448 5
449 5
450 8
451 5
452 9
453 6
454 10
455 6
456 5
457 6
458 3
459 7
460 4
461 5
462 7
463 5
464 10
465 2
466 7
467 7
468 8
469 8
470 4
471 7
472 12
473 4
474 10
475 10
476 3
477 4
478 9
479 10
480 5
481 5
482 12
483 7
484 2
485 8
486 4
487 6
488 8
489 6
490 10
491 8
492 9
493 9
494 5
495 12
496 13
497 11
498 12
499 12
500 5
501 9
502 8
503 6
504 7
505 9
506 6
507 4
508 4
509 9
510 11
511 12
512 8
513 9
514 6
515 8
516 8
517 10
518 7
519 8
520 7
521 12
522 8
523 3
524 10
525 7
526 9
527 6
528 9
529 8
530 10
531 6
532 5
533 5
534 7
535 7
536 3
537 13
538 11
539 10
540 3
541 10
542 6
543 7
544 7
545 8
546 4
547 4
548 13
549 8
550 8
551 10
552 9
553 9
554 6
555 11
556 9
557 3
558 5
559 13
560 15
561 6
562 3
563 10
564 14
565 5
566 12
567 8
568 11
569 5
570 7
571 8
572 19
573 12
574 11
575 7
576 8
577 9
578 6
579 7
580 8
581 8
582 11
583 9
584 7
585 8
586 8
587 8
588 7
589 4
590 9
591 7
592 4
593 10
594 9
595 9
596 4
597 10
598 10
599 8
600 5
601 8
602 8
603 10
604 8
605 8
606 7
607 8
608 9
609 5
610 12
611 8
612 7
613 11
614 10
615 7
616 5
617 7
618 6
619 11
620 2
621 11
622 11
623 6
624 11
625 12
626 5
627 3
628 11
629 3
630 7
631 12
632 3
633 10
634 6
635 10
636 11
637 7
638 8
639 7
640 17
641 10
642 8
643 11
644 10
645 17
646 5
647 8
648 12
649 12
650 10
651 9
652 7
653 7
654 10
655 8
656 3
657 4
658 9
659 6
660 9
661 9
662 3
663 6
664 11
665 12
666 12
667 11
668 13
669 10
670 13
671 16
672 10
673 9
674 11
675 8
676 10
677 8
678 7
679 7
680 8
681 5
682 9
683 6
684 10
685 14
686 3
687 8
688 9
689 5
690 7
691 7
692 11
693 4
694 2
695 10
696 6
697 8
698 4
699 7
700 5
701 11
702 8
703 6
704 6
705 6
706 8
707 13
708 7
709 11
710 11
711 6
712 14
713 11
714 8
715 7
716 8
717 16
718 10
719 5
720 10
721 11
722 6
723 8
724 14
725 11
726 7
727 12
728 6
729 10
730 12
731 6
732 7
733 7
734 5
735 10
736 11
737 6
738 7
739 9
740 3
741 5
742 8
743 10
744 12
745 15
746 7
747 4
748 9
749 8
750 10
751 4
752 8
753 8
754 7
755 10
756 8
757 14
758 7
759 9
760 6
761 9
762 6
763 6
764 8
765 16
766 11
767 7
768 8
769 9
770 3
771 2
772 4
773 12
774 7
775 6
776 4
777 14
778 8
779 9
780 8
781 7
782 9
783 12
784 11
785 6
786 11
787 6
788 7
789 11
790 14
791 9
792 10
793 11
794 10
795 10
796 6
797 4
798 11
799 8
800 8
801 9
802 4
803 5
804 7
805 13
806 13
807 13
808 8
809 6
810 4
811 7
812 7
813 8
814 7
815 14
816 12
817 11
818 16
819 9
820 9
821 17
822 7
823 7
824 9
825 8
826 12
827 8
828 14
829 6
830 14
831 8
832 6
833 4
834 6
835 7
836 7
837 10
838 6
839 9
840 10
841 7
842 8
843 8
844 4
845 4
846 9
847 3
848 4
849 13
850 6
851 7
852 5
853 14
854 6
855 10
856 5
857 13
858 9
859 10
860 9
861 5
862 7
863 10
864 8
865 6
866 12
867 9
868 9
869 14
870 9
871 6
872 7
873 6
874 9
875 2
876 5
877 10
878 6
879 5
880 6
881 12
882 5
883 12
884 9
885 4
886 8
887 4
888 11
889 5
890 8
891 6
892 12
893 9
894 10
895 6
896 10
897 12
898 10
899 3
900 7
901 6
902 7
903 9
904 13
905 8
906 7
907 7
908 4
909 5
910 5
911 9
912 9
913 11
914 6
915 4
916 9
917 6
918 6
919 9
920 8
921 8
922 10
923 8
924 9
925 6
926 7
927 8
928 11
929 5
930 8
931 8
932 6
933 8
934 10
935 8
936 2
937 4
938 10
939 9
940 7
941 8
942 9
943 5
944 5
945 4
946 13
947 5
948 9
949 9
950 11
951 12
952 8
953 8
954 10
955 11
956 10
957 8
958 10
959 7
960 7
961 11
962 6
963 9
964 6
965 7
966 10
967 5
968 10
969 6
970 12
971 2
972 9
973 10
974 6
975 9
976 7
977 9
978 12
979 10
980 8
981 9
982 10
983 9
984 8
985 14
986 10
987 4
988 12
989 7
990 6
991 15
992 6
993 6
994 8
995 5
996 7
997 8
998 6
999 12
1000 7
1001 8
1002 9
1003 9
1004 8
1005 10
1006 3
1007 9
1008 7
1009 7
1010 15
1011 7
1012 14
1013 6
1014 7
1015 9
1016 8
1017 6
1018 9
1019 13
1020 10
1021 9
1022 11
1023 14
1024 9
1025 5
1026 6
1027 7
1028 13
1029 3
1030 9
1031 12
1032 7
1033 10
1034 6
1035 13
1036 5
1037 6
1038 10
1039 6
1040 6
1041 5
1042 4
1043 8
1044 9
1045 8
1046 9
1047 6
1048 8
1049 8
1050 5
1051 9
1052 10
1053 7
1054 10
1055 4
1056 8
1057 7
1058 9
1059 7
1060 7
1061 8
1062 10
1063 12
1064 6
1065 4
1066 7
1067 7
1068 6
1069 12
1070 13
1071 9
1072 4
1073 11
1074 7
1075 6
1076 7
1077 7
1078 8
1079 8
1080 10
1081 3
1082 7
1083 7
1084 8
1085 11
1086 10
1087 3
1088 4
1089 7
1090 7
1091 13
1092 12
1093 8
1094 9
1095 7
1096 9
1097 7
1098 11
1099 8
1100 7
1101 8
1102 5
1103 10
1104 9
1105 9
1106 8
1107 8
1108 9
1109 6
1110 10
1111 8
1112 9
1113 11
1114 15
1115 9
1116 8
1117 7
1118 8
1119 8
1120 6
1121 5
1122 10
1123 7
1124 6
1125 8
1126 6
1127 12
1128 6
1129 12
1130 10
1131 5
1132 4
1133 11
1134 9
1135 10
1136 8
1137 16
1138 12
1139 8
1140 8
1141 8
1142 11
1143 7
1144 4
1145 12
1146 9
1147 7
1148 5
1149 5
1150 8
1151 8
1152 5
1153 2
1154 5
1155 6
1156 8
1157 12
1158 15
1159 7
1160 6
1161 10
1162 4
1163 3
1164 6
1165 10
1166 7
1167 5
1168 12
1169 9
1170 9
1171 12
1172 10
1173 9
1174 3
1175 4
1176 3
1177 13
1178 6
1179 8
1180 6
1181 6
1182 11
1183 12
1184 2
1185 4
1186 9
1187 5
1188 13
1189 5
1190 6
1191 9
1192 7
1193 5
1194 11
1195 6
1196 7
1197 7
1198 13
1199 6
1200 3
1201 9
1202 9
1203 9
1204 11
1205 8
1206 12
1207 6
1208 8
1209 7
1210 10
1211 5
1212 6
1213 13
1214 10
1215 8
1216 10
1217 9
1218 7
1219 3
1220 6
1221 8
1222 8
1223 11
1224 10
1225 10
1226 3
1227 13
1228 10
1229 5
1230 7
1231 6
1232 7
1233 13
1234 6
1235 8
1236 8
1237 12
1238 6
1239 10
1240 9
1241 7
1242 9
1243 11
1244 5
1245 5
1246 3
1247 15
1248 8
1249 3
1250 7
1251 9
1252 8
1253 8
1254 9
1255 5
1256 8
1257 9
1258 6
1259 4
1260 8
1261 6
1262 12
1263 8
1264 12
1265 8
1266 13
1267 9
1268 16
1269 11
1270 9
1271 10
1272 7
1273 4
1274 4
1275 7
1276 11
1277 7
1278 8
1279 6
1280 8
1281 9
1282 14
1283 9
1284 9
1285 7
1286 8
1287 7
1288 4
1289 7
1290 9
1291 9
1292 11
1293 6
1294 8
1295 16
1296 8
1297 9
1298 5
1299 6
1300 7
1301 12
1302 9
1303 8
1304 11
1305 7
1306 9
1307 7
1308 8
1309 9
1310 9
1311 9
1312 7
1313 7
1314 8
1315 4
1316 6
1317 4
1318 8
1319 15
1320 7
1321 6
1322 10
1323 16
1324 7
1325 7
1326 8
1327 8
1328 12
1329 9
1330 8
1331 13
1332 7
1333 7
1334 7
1335 6
1336 11
1337 9
1338 6
1339 8
1340 5
1341 8
1342 9
1343 10
1344 5
1345 6
1346 5
1347 4
1348 7
1349 10
1350 6
1351 8
1352 9
1353 9
1354 5
1355 11
1356 10
1357 12
1358 7
1359 7
1360 10
1361 9
1362 9
1363 13
1364 11
1365 14
1366 3
1367 6
1368 13
1369 9
1370 10
1371 9
1372 8
1373 5
1374 6
1375 8
1376 13
1377 11
1378 7
1379 9
1380 3
1381 7
1382 8
1383 9
1384 8
1385 8
1386 10
1387 2
1388 2
1389 14
1390 10
1391 5
1392 7
1393 4
1394 6
1395 7
1396 10
1397 7
1398 9
1399 4
1400 7
1401 4
1402 6
1403 6
1404 5
1405 7
1406 10
1407 2
1408 15
1409 11
1410 8
1411 12
1412 10
1413 7
1414 7
1415 8
1416 8
1417 7
1418 7
1419 7
1420 4
1421 7
1422 5
1423 12
1424 9
1425 12
1426 4
1427 4
1428 11
1429 6
1430 10
1431 6
1432 7
1433 11
1434 3
1435 13
1436 7
1437 7
1438 5
1439 13
1440 9
1441 9
1442 9
1443 12
1444 5
1445 10
1446 6
1447 6
1448 12
1449 6
1450 13
1451 13
1452 8
1453 9
1454 8
1455 8
1456 6
1457 8
1458 2
1459 3
1460 7
1461 7
1462 8
1463 2
1464 3
1465 11
1466 8
1467 6
1468 14
1469 9
1470 7
1471 10
1472 11
1473 8
1474 11
1475 6
1476 2
1477 5
1478 11
1479 6
1480 6
1481 8
1482 6
1483 0
1484 8
1485 5
1486 7
1487 3
1488 9
1489 14
1490 9
1491 9
1492 11
1493 3
1494 7
1495 7
1496 6
1497 9
1498 14
1499 3
1500 8
1501 5
1502 5
1503 2
1504 8
1505 12
1506 10
1507 8
1508 9
1509 10
1510 5
1511 12
1512 12
1513 6
1514 12
1515 5
1516 6
1517 7
1518 11
1519 9
1520 11
1521 10
1522 8
1523 14
1524 4
1525 6
1526 9
1527 7
1528 4
1529 15
1530 8
1531 10
1532 5
1533 8
1534 5
1535 8
1536 10
1537 12
1538 9
1539 7
1540 8
1541 13
1542 12
1543 9
1544 8
1545 10
1546 3
1547 12
1548 8
1549 5
1550 6
1551 7
1552 3
1553 9
1554 11
1555 5
1556 5
1557 9
1558 8
1559 9
1560 8
1561 10
1562 7
1563 8
1564 6
1565 11
1566 9
1567 4
1568 6
1569 9
1570 4
1571 6
1572 8
1573 7
1574 9
1575 9
1576 6
1577 6
1578 9
1579 8
1580 12
1581 8
1582 6
1583 9
1584 5
1585 5
1586 5
1587 12
1588 8
1589 8
1590 11
1591 11
1592 9
1593 12
1594 7
1595 10
1596 8
1597 6
1598 5
1599 9
1600 11
1601 7
1602 11
1603 5
1604 10
1605 6
1606 8
1607 11
1608 1
1609 13
1610 5
1611 9
1612 5
1613 8
1614 10
1615 6
1616 14
1617 4
1618 13
1619 6
1620 6
1621 5
1622 9
1623 8
1624 5
1625 6
1626 5
1627 6
1628 11
1629 12
1630 6
1631 7
1632 6
1633 6
1634 10
1635 4
1636 5
1637 9
1638 10
1639 4
1640 4
1641 6
1642 5
1643 8
1644 8
1645 4
1646 7
1647 7
1648 8
1649 9
1650 7
1651 9
1652 6
1653 10
1654 4
1655 6
1656 6
1657 4
1658 10
1659 9
1660 10
1661 7
1662 5
1663 8
1664 8
1665 7
1666 7
1667 5
1668 5
1669 7
1670 10
1671 11
1672 13
1673 5
1674 11
1675 8
1676 9
1677 9
1678 7
1679 11
1680 10
1681 7
1682 5
1683 7
1684 9
1685 6
1686 7
1687 6
1688 12
1689 8
1690 5
1691 8
1692 7
1693 7
1694 11
1695 10
1696 4
1697 9
1698 5
1699 9
1700 7
1701 6
1702 13
1703 9
1704 6
1705 3
1706 9
1707 9
1708 4
1709 10
1710 6
1711 6
1712 7
1713 7
1714 8
1715 6
1716 6
1717 6
1718 6
1719 12
1720 5
1721 9
1722 8
1723 8
1724 8
1725 4
1726 4
1727 12
1728 6
1729 10
1730 3
1731 11
1732 9
1733 8
1734 8
1735 8
1736 11
1737 5
1738 9
1739 7
1740 4
1741 7
1742 7
1743 10
1744 10
1745 7
1746 6
1747 5
1748 5
1749 2
1750 4
1751 4
1752 7
1753 13
1754 3
1755 6
1756 5
1757 5
1758 14
1759 10
1760 13
1761 6
1762 8
1763 9
1764 6
1765 8
1766 6
1767 8
1768 5
1769 4
1770 12
1771 10
1772 9
1773 4
1774 7
1775 5
1776 4
1777 6
1778 11
1779 5
1780 7
1781 7
1782 4
1783 11
1784 6
1785 6
1786 9
1787 10
1788 4
1789 7
1790 7
1791 7
1792 12
1793 9
1794 8
1795 12
1796 9
1797 10
1798 14
1799 4
1800 6
1801 10
1802 6
1803 10
1804 10
1805 10
1806 9
1807 6
1808 8
1809 8
1810 10
1811 11
1812 9
1813 3
1814 8
1815 9
1816 5
1817 7
1818 10
1819 7
1820 4
1821 5
1822 5
1823 12
1824 10
1825 14
1826 9
1827 6
1828 8
1829 11
1830 10
1831 9
1832 6
1833 12
1834 8
1835 10
1836 11
1837 6
1838 5
1839 4
1840 9
1841 11
1842 8
1843 14
1844 4
1845 4
1846 9
1847 10
1848 6
1849 7
1850 7
1851 8
1852 4
1853 5
1854 8
1855 7
1856 9
1857 3
1858 12
1859 10
1860 12
1861 7
1862 7
1863 6
1864 8
1865 9
1866 6
1867 11
1868 7
1869 13
1870 8
1871 10
1872 5
1873 8
1874 8
1875 6
1876 5
1877 1
1878 13
1879 9
1880 7
1881 7
1882 11
1883 8
1884 10
1885 14
1886 7
1887 7
1888 9
1889 5
1890 9
1891 14
1892 10
1893 9
1894 10
1895 8
1896 7
1897 7
1898 9
1899 12
1900 10
1901 5
1902 9
1903 12
1904 8
1905 7
1906 14
1907 5
1908 12
1909 8
1910 12
1911 16
1912 6
1913 10
1914 6
1915 7
1916 7
1917 9
1918 4
1919 7
1920 14
1921 15
1922 5
1923 6
1924 6
1925 7
1926 7
1927 6
1928 5
1929 5
1930 10
1931 4
1932 7
1933 7
1934 11
1935 8
1936 10
1937 4
1938 7
1939 7
1940 11
1941 9
1942 8
1943 7
1944 12
1945 13
1946 10
1947 12
1948 9
1949 14
1950 9
1951 4
1952 4
1953 10
1954 7
1955 10
1956 13
1957 10
1958 8
1959 6
1960 6
1961 11
1962 9
1963 7
1964 5
1965 9
1966 11
1967 9
1968 13
1969 10
1970 10
1971 7
1972 8
1973 9
1974 9
1975 7
1976 8
1977 12
1978 9
1979 10
1980 3
1981 9
1982 8
1983 8
1984 4
1985 7
1986 10
1987 7
1988 12
1989 9
1990 7
1991 4
1992 11
1993 12
1994 7
1995 10
1996 11
1997 6
1998 13
1999 9
