0 0
1 0
2 0
3 0
4 0
5 0
6 0
7 1
8 0
9 1
10 0
11 2
12 0
13 0
14 2
15 0
16 2
17 0
18 6
19 0
20 1
21 0
22 1
23 1
24 0
25 1
26 0
27 0
28 2
29 1
30 1
31 4
32 3
33 0
34 2
35 2
36 1
37 0
38 4
39 2
40 2
41 3
42 2
43 2
44 5
45 1
46 2
47 1
48 3
49 0
50 3
51 2
52 3
53 4
54 3
55 6
56 2
57 3
58 5
59 3
60 2
61 1
62 3
63 3
64 8
65 0
66 5
67 1
68 2
69 2
70 4
71 6
72 2
73 2
74 3
75 1
76 6
77 6
78 5
79 0
80 4
81 1
82 5
83 4
84 1
85 6
86 7
87 9
88 7
89 4
90 5
91 2
92 8
93 5
94 4
95 5
96 5
97 6
98 8
99 7
100 7
101 5
102 9
103 4
104 3
105 5
106 6
107 5
108 5
109 12
110 3
111 10
112 4
113 5
114 19
115 14
116 7
117 6
118 4
119 5
120 5
121 9
122 7
123 9
124 8
125 7
126 14
127 5
128 7
129 7
130 6
131 6
132 5
133 8
134 12
135 7
136 9
137 5
138 8
139 9
140 9
141 8
142 8
143 8
144 5
145 10
146 7
147 8
148 10
149 12
150 1
151 11
152 16
153 7
154 9
155 2
156 9
157 10
158 4
159 7
160 11
161 11
162 13
163 11
164 13
165 9
166 5
167 10
168 10
169 8
170 10
171 11
172 12
173 9
174 11
175 11
176 9
177 13
178 10
179 13
180 8
181 4
182 13
183 9
184 9
185 14
186 6
187 6
188 3
189 6
190 5
191 9
192 9
193 9
194 10
195 3
196 19
197 8
198 5
199 10
200 9
201 12
202 7
203 13
204 8
205 13
206 22
207 12
208 13
209 9
210 11
211 12
212 9
213 20
214 11
215 7
216 6
217 15
218 13
219 8
220 10
221 10
222 7
223 10
224 12
225 14
226 12
227 9
228 13
229 6
230 14
231 10
232 19
233 5
234 8
235 5
236 13
237 12
238 12
239 15
240 8
241 13
242 11
243 7
244 13
245 12
246 15
247 10
248 18
249 9
250 11
251 13
252 15
253 11
254 5
255 11
256 9
257 10
258 9
259 12
260 9
261 13
262 11
263 11
264 12
265 17
266 13
267 13
268 15
269 14
270 10
271 13
272 14
273 14
274 11
275 12
276 11
277 15
278 8
279 14
280 15
281 11
282 17
283 13
284 15
285 7
286 13
287 13
288 13
289 11
290 14
291 23
292 15
293 5
294 12
295 14
296 14
297 10
298 8
299 12
300 14
301 14
302 12
303 14
304 12
305 14
306 16
307 22
308 10
309 10
310 13
311 19
312 15
313 12
314 16
315 11
316 14
317 9
318 10
319 12
320 13
321 16
322 15
323 19
324 16
325 12
326 15
327 14
328 13
329 13
330 16
331 8
332 17
333 13
334 11
335 8
336 10
337 11
338 11
339 15
340 14
341 19
342 16
343 13
344 11
345 11
346 16
347 21
348 9
349 17
350 15
351 10
352 9
353 11
354 5
355 13
356 12
357 17
358 16
359 15
360 13
361 18
362 13
363 12
364 17
365 11
366 10
367 6
368 21
369 14
370 13
371 20
372 21
373 15
374 20
375 15
376 15
377 10
378 9
379 13
380 11
381 10
382 8
383 9
384 12
385 19
386 17
387 7
388 12
389 13
390 13
391 19
392 5
393 17
394 11
395 12
396 14
397 11
398 10
399 12
400 8
401 18
402 12
403 14
404 15
405 19
406 5
407 10
408 13
409 5
410 9
411 11
412 4
413 17
414 16
415 16
416 8
417 16
418 11
419 10
420 15
421 16
422 21
423 12
424 15
425 17
426 8
427 10
428 12
429 15
430 13
431 11
432 10
433 13
434 12
435 14
436 15
437 16
438 12
439 12
440 13
441 14
442 20
443 14
444 15
445 19
446 11
447 16
448 13
449 8
450 17
451 11
452 9
453 20
454 7
455 13
456 16
457 9
458 12
459 9
460 10
461 12
462 7
463 18
464 8
465 15
466 14
467 19
468 12
469 21
470 14
471 10
472 17
473 16
474 7
475 12
476 17
477 14
478 7
479 14
480 14
481 15
482 13
483 13
484 17
485 15
486 18
487 19
488 13
489 16
490 13
491 13
492 15
493 7
494 14
495 11
496 9
497 13
498 13
499 15
500 12
501 19
502 17
503 8
504 9
505 20
506 16
507 17
508 12
509 16
510 7
511 9
512 15
513 16
514 15
515 15
516 13
517 16
518 14
519 12
520 13
521 20
522 18
523 19
524 18
525 15
526 15
527 20
528 15
529 16
530 9
531 9
532 18
533 14
534 13
535 18
536 10
537 10
538 13
539 11
540 12
541 11
542 10
543 8
544 10
545 16
546 22
547 15
548 14
549 12
550 14
551 17
552 12
553 16
554 13
555 15
556 10
557 15
558 17
559 8
560 10
561 14
562 14
563 16
564 13
565 10
566 10
567 19
568 13
569 11
570 12
571 12
572 11
573 8
574 9
575 13
576 14
577 15
578 19
579 20
580 15
581 21
582 15
583 17
584 12
585 13
586 12
587 16
588 18
589 16
590 15
591 14
592 12
593 16
594 12
595 14
596 18
597 9
598 14
599 19
600 15
601 13
602 20
603 13
604 15
605 13
606 18
607 11
608 9
609 25
610 7
611 12
612 12
613 13
614 10
615 10
616 11
617 16
618 17
619 14
620 15
621 10
622 25
623 12
624 11
625 17
626 9
627 8
628 14
629 16
630 13
631 9
632 20
633 18
634 9
635 17
636 12
637 9
638 14
639 22
640 10
641 13
642 14
643 21
644 9
645 10
646 14
647 17
648 17
649 12
650 13
651 14
652 15
653 9
654 10
655 13
656 9
657 19
658 12
659 24
660 14
661 14
662 13
663 20
664 14
665 14
666 12
667 14
668 20
669 19
670 17
671 13
672 12
673 17
674 15
675 18
676 16
677 13
678 14
679 13
680 18
681 12
682 20
683 18
684 15
685 14
686 14
687 18
688 11
689 11
690 10
691 18
692 11
693 14
694 9
695 14
696 10
697 17
698 18
699 18
700 11
701 14
702 8
703 16
704 18
705 12
706 18
707 9
708 19
709 21
710 9
711 8
712 20
713 16
714 11
715 17
716 12
717 17
718 15
719 13
720 16
721 26
722 10
723 15
724 22
725 13
726 13
727 15
728 12
729 14
730 13
731 15
732 15
733 16
734 11
735 18
736 20
737 9
738 14
739 18
740 16
741 12
742 12
743 16
744 14
745 20
746 14
747 18
748 15
749 15
750 15
751 15
752 13
753 18
754 8
755 17
756 12
757 22
758 13
759 10
760 19
761 21
762 19
763 17
764 18
765 14
766 12
767 22
768 11
769 16
770 6
771 11
772 17
773 18
774 19
775 18
776 13
777 18
778 12
779 12
780 14
781 13
782 16
783 10
784 5
785 16
786 19
787 12
788 19
789 10
790 11
791 15
792 11
793 13
794 15
795 10
796 11
797 14
798 20
799 16
800 21
801 10
802 10
803 13
804 9
805 10
806 16
807 14
808 17
809 13
810 13
811 12
812 10
813 19
814 11
815 27
816 17
817 17
818 8
819 13
820 11
821 16
822 5
823 10
824 9
825 10
826 16
827 16
828 16
829 13
830 13
831 21
832 13
833 19
834 11
835 15
836 15
837 7
838 15
839 18
840 11
841 15
842 10
843 11
844 15
845 21
846 13
847 12
848 14
849 16
850 15
851 14
852 12
853 10
854 18
855 12
856 25
857 18
858 16
859 11
860 12
861 9
862 10
863 13
864 15
865 12
866 14
867 13
868 15
869 13
870 9
871 16
872 13
873 15
874 9
875 17
876 17
877 13
878 11
879 8
880 20
881 21
882 18
883 21
884 16
885 9
886 14
887 10
888 12
889 11
890 9
891 14
892 17
893 14
894 11
895 22
896 16
897 13
898 11
899 9
900 14
901 6
902 18
903 14
904 11
905 15
906 22
907 8
908 14
909 12
910 11
911 14
912 9
913 20
914 14
915 17
916 13
917 12
918 6
919 17
920 13
921 11
922 14
923 12
924 10
925 15
926 11
927 20
928 11
929 14
930 11
931 13
932 19
933 8
934 15
935 7
936 14
937 8
938 7
939 17
940 21
941 12
942 16
943 12
944 12
945 14
946 13
947 16
948 11
949 12
950 9
951 10
952 14
953 10
954 13
955 10
956 10
957 18
958 13
959 19
960 16
961 10
962 12
963 14
964 17
965 17
966 14
967 11
968 11
969 10
970 14
971 8
972 10
973 15
974 12
975 13
976 10
977 11
978 16
979 11
980 15
981 14
982 14
983 15
984 14
985 16
986 12
987 18
988 14
989 19
990 20
991 13
992 23
993 13
994 17
995 16
996 18
997 12
998 7
999 13
1000 14
1001 12
1002 15
1003 12
1004 18
1005 17
1006 19
1007 14
1008 19
1009 11
1010 11
1011 15
1012 12
1013 16
1014 13
1015 13
1016 19
1017 13
1018 19
1019 11
1020 16
1021 12
1022 19
1023 17
1024 15
1025 11
1026 19
1027 14
1028 9
1029 14
1030 17
1031 18
1032 8
1033 12
1034 13
1035 14
1036 13
1037 13
1038 16
1039 14
1040 16
1041 11
1042 9
1043 15
1044 19
1045 15
1046 13
1047 13
1048 16
1049 14
1050 16
1051 14
1052 12
1053 15
1054 18
1055 16
1056 10
1057 14
1058 8
1059 13
1060 19
1061 14
1062 11
1063 15
1064 17
1065 9
1066 16
1067 7
1068 13
1069 14
1070 5
1071 13
1072 9
1073 15
1074 16
1075 19
1076 13
1077 13
1078 12
1079 14
1080 17
1081 16
1082 14
1083 11
1084 17
1085 10
1086 17
1087 13
1088 7
1089 12
1090 21
1091 20
1092 6
1093 17
1094 12
1095 16
1096 26
1097 15
1098 11
1099 16
1100 10
1101 16
1102 13
1103 13
1104 9
1105 14
1106 10
1107 27
1108 15
1109 12
1110 13
1111 11
1112 14
1113 12
1114 10
1115 9
1116 15
1117 14
1118 15
1119 10
1120 13
1121 15
1122 20
1123 9
1124 18
1125 23
1126 15
1127 9
1128 16
1129 8
1130 14
1131 12
1132 12
1133 10
1134 7
1135 18
1136 11
1137 14
1138 14
1139 20
1140 14
1141 16
1142 11
1143 10
1144 21
1145 18
1146 12
1147 13
1148 20
1149 16
1150 11
1151 11
1152 18
1153 22
1154 14
1155 11
1156 12
1157 13
1158 19
1159 16
1160 14
1161 11
1162 8
1163 13
1164 13
1165 13
1166 8
1167 18
1168 12
1169 16
1170 18
1171 7
1172 11
1173 16
1174 7
1175 14
1176 18
1177 12
1178 10
1179 15
1180 21
1181 11
1182 10
1183 21
1184 15
1185 23
1186 9
1187 11
1188 16
1189 13
1190 15
1191 15
1192 14
1193 11
1194 9
1195 12
1196 21
1197 13
1198 9
1199 13
1200 10
1201 16
1202 18
1203 11
1204 7
1205 18
1206 10
1207 13
1208 13
1209 10
1210 15
1211 10
1212 12
1213 16
1214 19
1215 21
1216 15
1217 13
1218 21
1219 16
1220 13
1221 15
1222 17
1223 6
1224 14
1225 12
1226 19
1227 13
1228 17
1229 14
1230 11
1231 17
1232 20
1233 17
1234 12
1235 15
1236 6
1237 15
1238 15
1239 8
1240 16
1241 7
1242 22
1243 11
1244 12
1245 14
1246 9
1247 12
1248 10
1249 11
1250 19
1251 16
1252 14
1253 13
1254 12
1255 10
1256 21
1257 10
1258 13
1259 15
1260 18
1261 18
1262 13
1263 11
1264 12
1265 14
1266 8
1267 23
1268 17
1269 13
1270 17
1271 20
1272 12
1273 7
1274 9
1275 11
1276 15
1277 12
1278 9
1279 11
1280 23
1281 21
1282 12
1283 12
1284 16
1285 16
1286 14
1287 16
1288 13
1289 16
1290 10
1291 11
1292 14
1293 17
1294 11
1295 12
1296 18
1297 13
1298 13
1299 18
1300 17
1301 11
1302 11
1303 13
1304 12
1305 17
1306 16
1307 14
1308 11
1309 16
1310 10
1311 13
1312 13
1313 13
1314 15
1315 17
1316 16
1317 20
1318 14
1319 15
1320 20
1321 15
1322 17
1323 16
1324 15
1325 14
1326 14
1327 14
1328 16
1329 14
1330 14
1331 10
1332 14
1333 13
1334 17
1335 10
1336 15
1337 14
1338 17
1339 13
1340 15
1341 13
1342 11
1343 14
1344 17
1345 8
1346 14
1347 18
1348 10
1349 19
1350 13
1351 18
1352 15
1353 12
1354 15
1355 10
1356 18
1357 23
1358 14
1359 7
1360 19
1361 14
1362 17
1363 11
1364 7
1365 23
1366 12
1367 18
1368 19
1369 12
1370 8
1371 15
1372 11
1373 10
1374 19
1375 8
1376 17
1377 17
1378 8
1379 14
1380 14
1381 11
1382 15
1383 12
1384 12
1385 7
1386 12
1387 17
1388 14
1389 12
1390 19
1391 10
1392 12
1393 11
1394 11
1395 15
1396 19
1397 14
1398 21
1399 16
1400 21
1401 11
1402 9
1403 13
1404 13
1405 15
1406 10
1407 13
1408 15
1409 13
1410 21
1411 10
1412 14
1413 12
1414 15
1415 10
1416 15
1417 13
1418 12
1419 13
1420 16
1421 21
1422 17
1423 11
1424 12
1425 18
1426 14
1427 20
1428 13
1429 8
1430 14
1431 15
1432 8
1433 11
1434 17
1435 13
1436 9
1437 14
1438 19
1439 13
1440 16
1441 19
1442 11
1443 18
1444 14
1445 13
1446 18
1447 15
1448 11
1449 14
1450 12
1451 5
1452 12
1453 14
1454 16
1455 7
1456 16
1457 19
1458 7
1459 9
1460 24
1461 12
1462 15
1463 18
1464 9
1465 12
1466 15
1467 8
1468 8
1469 14
1470 16
1471 13
1472 12
1473 19
1474 24
1475 14
1476 14
1477 15
1478 16
1479 19
1480 8
1481 9
1482 11
1483 10
1484 15
1485 15
1486 14
1487 9
1488 15
1489 10
1490 16
1491 16
1492 14
1493 12
1494 11
1495 14
1496 17
1497 12
1498 7
1499 11
1500 12
1501 8
1502 12
1503 11
1504 13
1505 17
1506 14
1507 7
1508 11
1509 13
1510 12
1511 9
1512 20
1513 10
1514 10
1515 13
1516 13
1517 14
1518 12
1519 17
1520 9
1521 18
1522 15
1523 15
1524 10
1525 19
1526 12
1527 18
1528 18
1529 13
1530 12
1531 11
1532 19
1533 15
1534 15
1535 23
1536 13
1537 12
1538 13
1539 16
1540 8
1541 12
1542 12
1543 15
1544 16
1545 12
1546 11
1547 16
1548 11
1549 14
1550 12
1551 15
1552 10
1553 22
1554 14
1555 11
1556 19
1557 15
1558 12
1559 9
1560 8
1561 14
1562 16
1563 14
1564 12
1565 13
1566 22
1567 13
1568 11
1569 16
1570 11
1571 14
1572 15
1573 15
1574 13
1575 16
1576 18
1577 16
1578 8
1579 13
1580 16
1581 17
1582 14
1583 13
1584 19
1585 9
1586 13
1587 10
1588 16
1589 21
1590 9
1591 9
1592 17
1593 16
1594 8
1595 10
1596 8
1597 17
1598 11
1599 16
1600 10
1601 10
1602 15
1603 11
1604 13
1605 11
1606 15
1607 15
1608 9
1609 10
1610 14
1611 16
1612 14
1613 12
1614 16
1615 14
1616 9
1617 18
1618 12
1619 11
1620 22
1621 12
1622 13
1623 16
1624 14
1625 13
1626 24
1627 15
1628 10
1629 9
1630 20
1631 9
1632 12
1633 15
1634 12
1635 15
1636 15
1637 9
1638 14
1639 13
1640 14
1641 12
1642 11
1643 16
1644 6
1645 13
1646 9
1647 8
1648 9
1649 11
1650 18
1651 9
1652 11
1653 14
1654 18
1655 16
1656 13
1657 19
1658 12
1659 10
1660 10
1661 13
1662 19
1663 8
1664 15
1665 14
1666 11
1667 13
1668 12
1669 11
1670 8
1671 15
1672 12
1673 10
1674 9
1675 10
1676 20
1677 7
1678 11
1679 13
1680 19
1681 10
1682 8
1683 13
1684 12
1685 9
1686 13
1687 20
1688 10
1689 11
1690 17
1691 14
1692 14
1693 7
1694 14
1695 13
1696 19
1697 14
1698 9
1699 21
1700 15
1701 13
1702 18
1703 16
1704 13
1705 14
1706 14
1707 13
1708 23
1709 9
1710 16
1711 12
1712 11
1713 14
1714 10
1715 10
1716 15
1717 10
1718 14
1719 17
1720 15
1721 11
1722 10
1723 8
1724 16
1725 12
1726 17
1727 9
1728 10
1729 12
1730 14
1731 18
1732 11
1733 8
1734 10
1735 12
1736 13
1737 17
1738 18
1739 9
1740 8
1741 8
1742 12
1743 12
1744 11
1745 15
1746 13
1747 18
1748 12
1749 19
1750 12
1751 10
1752 12
1753 24
1754 16
1755 13
1756 10
1757 11
1758 19
1759 10
1760 9
1761 15
1762 12
1763 15
1764 13
1765 16
1766 8
1767 13
1768 19
1769 20
1770 17
1771 13
1772 13
1773 10
1774 16
1775 19
1776 15
1777 11
1778 9
1779 12
1780 9
1781 14
1782 16
1783 11
1784 15
1785 10
1786 13
1787 15
1788 11
1789 19
1790 16
1791 13
1792 13
1793 18
1794 24
1795 13
1796 10
1797 13
1798 14
1799 17
1800 12
1801 12
1802 15
1803 18
1804 11
1805 6
1806 9
1807 17
1808 16
1809 12
1810 12
1811 9
1812 16
1813 11
1814 15
1815 13
1816 12
1817 12
1818 8
1819 16
1820 9
1821 19
1822 12
1823 17
1824 25
1825 11
1826 14
1827 11
1828 9
1829 9
1830 17
1831 14
1832 17
1833 14
1834 8
1835 17
1836 5
1837 14
1838 14
1839 15
1840 13
1841 10
1842 16
1843 13
1844 11
1845 22
1846 19
1847 15
1848 16
1849 17
1850 11
1851 14
1852 8
1853 8
1854 15
1855 13
1856 10
1857 11
1858 18
1859 15
1860 15
1861 20
1862 6
1863 13
1864 9
1865 8
1866 14
1867 9
1868 15
1869 11
1870 21
1871 14
1872 13
1873 13
1874 15
1875 9
1876 13
1877 11
1878 13
1879 13
1880 16
1881 19
1882 17
1883 20
1884 12
1885 15
1886 16
1887 12
1888 9
1889 13
1890 14
1891 17
1892 12
1893 23
1894 10
1895 18
1896 11
1897 21
1898 15
1899 17
1900 14
1901 12
1902 12
1903 15
1904 13
1905 17
1906 15
1907 15
1908 15
1909 9
1910 14
1911 16
1912 20
1913 11
1914 14
1915 20
1916 18
1917 11
1918 7
1919 14
1920 18
1921 11
1922 14
1923 11
1924 17
1925 22
1926 11
1927 11
1928 16
1929 14
1930 18
1931 13
1932 9
1933 10
1934 12
1935 14
1936 16
1937 21
1938 8
1939 16
1940 9
1941 18
1942 12
1943 11
1944 10
1945 16
1946 19
1947 13
1948 11
1949 22
1950 10
1951 13
1952 13
1953 18
1954 15
1955 14
1956 10
1957 15
1958 13
1959 10
1960 14
1961 17
1962 18
1963 14
1964 12
1965 13
1966 17
1967 23
1968 18
1969 13
1970 13
1971 19
1972 14
1973 17
1974 19
1975 13
1976 15
1977 16
1978 14
1979 14
1980 18
1981 17
1982 13
1983 16
1984 15
1985 16
1986 20
1987 14
1988 14
1989 14
1990 17
1991 6
1992 12
1993 11
1994 17
1995 12
1996 14
1997 15
1998 14
1999 15
